6       
  6     
    8   
      3 

-------------------
6       
  6   7 
    8   
      3 

-------------------
6       
  6   7 
  6 8   
      3 

-------------------
6   5   
  6   7 
    8   
      3 

-------------------
6       
  6 5   
    8   
      3 

-------------------
6       
  6 4   
    8   
      3 

-------------------
6       
  6 4   
    8   
  7   3 

-------------------
6     7 
  6     
    8   
      3 

-------------------
6     7 
  6     
  6 8   
      3 

-------------------
6     7 
  6 5   
    8   
      3 

-------------------
6   5   
  6     
    8   
      3 

-------------------
6   5   
  6     
  5 8   
      3 

-------------------
6   4   
  6     
    8   
      3 

-------------------
6   4   
  6     
    8   
  7   3 

-------------------
6   4   
  6   7 
    8   
      3 

-------------------
6 6     
  6     
    8   
      3 

-------------------
6 4     
  6     
    8   
      3 

-------------------
